   1.0701752e-01
   1.2097015e-01
   1.3481293e-01
   1.4854584e-01
   1.6216888e-01
   1.7568207e-01
   1.8908539e-01
   2.0237885e-01
   2.1556244e-01
   2.2863617e-01
   2.4160004e-01
   2.5445404e-01
   2.6719818e-01
   2.7983246e-01
   2.9235687e-01
   3.0477142e-01
   3.1707611e-01
   3.2927094e-01
   3.4135590e-01
   3.5333099e-01
   3.6519623e-01
   3.7695160e-01
   3.8859711e-01
   4.0013275e-01
   4.1155853e-01
   4.2287445e-01
   4.3408051e-01
   4.4517670e-01
   4.5616302e-01
   4.6703949e-01
   4.7780609e-01
   4.8846283e-01
   4.9900970e-01
   5.0944672e-01
   5.1977386e-01
   5.2999115e-01
   5.4009857e-01
   5.5009613e-01
   5.5998383e-01
   5.6976166e-01
   5.7942963e-01
   5.8898773e-01
   5.9843597e-01
   6.0777435e-01
   6.1700287e-01
   6.2612152e-01
   6.3513031e-01
   6.4402924e-01
   6.5281830e-01
   6.6149750e-01
   6.7006683e-01
   6.7852631e-01
   6.8687592e-01
   6.9511566e-01
   7.0324554e-01
   7.1126556e-01
   7.1917572e-01
   7.2697601e-01
   7.3466644e-01
   7.4224701e-01
   7.4971771e-01
   7.5707855e-01
   7.6432953e-01
   7.7147064e-01
   7.7850189e-01
   7.8542328e-01
   7.9223480e-01
   7.9893646e-01
   8.0552826e-01
   8.1201019e-01
   8.1838226e-01
   8.2464447e-01
   8.3079681e-01
   8.3683929e-01
   8.4277191e-01
   8.4859467e-01
   8.5430756e-01
   8.5991058e-01
   8.6540375e-01
   8.7078705e-01
   8.7606049e-01
   8.8122406e-01
   8.8627777e-01
   8.9122162e-01
   8.9605560e-01
   9.0077972e-01
   9.0539398e-01
   9.0989838e-01
   9.1429291e-01
   9.1857758e-01
   9.2275238e-01
   9.2681732e-01
   9.3077240e-01
   9.3461761e-01
   9.3835297e-01
   9.4197845e-01
   9.4549408e-01
   9.4889984e-01
   9.5219574e-01
   9.5538177e-01
   9.5845795e-01
   9.6142426e-01
   9.6428070e-01
   9.6702728e-01
   9.6966400e-01
   9.7219086e-01
   9.7460785e-01
   9.7691498e-01
   9.7911224e-01
   9.8119965e-01
   9.8317719e-01
   9.8504486e-01
   9.8680267e-01
   9.8845062e-01
   9.8998871e-01
   9.9141693e-01
   9.9273529e-01
   9.9394379e-01
   9.9504242e-01
   9.9603119e-01
   9.9691010e-01
   9.9767914e-01
   9.9833832e-01
   9.9888763e-01
   9.9932709e-01
   9.9965668e-01
   9.9987640e-01
   9.9998627e-01
   9.9998627e-01
   9.9987640e-01
   9.9965668e-01
   9.9932709e-01
   9.9888763e-01
   9.9833832e-01
   9.9767914e-01
   9.9691010e-01
   9.9603119e-01
   9.9504242e-01
   9.9394379e-01
   9.9273529e-01
   9.9141693e-01
   9.8998871e-01
   9.8845062e-01
   9.8680267e-01
   9.8504486e-01
   9.8317719e-01
   9.8119965e-01
   9.7911224e-01
   9.7691498e-01
   9.7460785e-01
   9.7219086e-01
   9.6966400e-01
   9.6702728e-01
   9.6428070e-01
   9.6142426e-01
   9.5845795e-01
   9.5538177e-01
   9.5219574e-01
   9.4889984e-01
   9.4549408e-01
   9.4197845e-01
   9.3835297e-01
   9.3461761e-01
   9.3077240e-01
   9.2681732e-01
   9.2275238e-01
   9.1857758e-01
   9.1429291e-01
   9.0989838e-01
   9.0539398e-01
   9.0077972e-01
   8.9605560e-01
   8.9122162e-01
   8.8627777e-01
   8.8122406e-01
   8.7606049e-01
   8.7078705e-01
   8.6540375e-01
   8.5991058e-01
   8.5430756e-01
   8.4859467e-01
   8.4277191e-01
   8.3683929e-01
   8.3079681e-01
   8.2464447e-01
   8.1838226e-01
   8.1201019e-01
   8.0552826e-01
   7.9893646e-01
   7.9223480e-01
   7.8542328e-01
   7.7850189e-01
   7.7147064e-01
   7.6432953e-01
   7.5707855e-01
   7.4971771e-01
   7.4224701e-01
   7.3466644e-01
   7.2697601e-01
   7.1917572e-01
   7.1126556e-01
   7.0324554e-01
   6.9511566e-01
   6.8687592e-01
   6.7852631e-01
   6.7006683e-01
   6.6149750e-01
   6.5281830e-01
   6.4402924e-01
   6.3513031e-01
   6.2612152e-01
   6.1700287e-01
   6.0777435e-01
   5.9843597e-01
   5.8898773e-01
   5.7942963e-01
   5.6976166e-01
   5.5998383e-01
   5.5009613e-01
   5.4009857e-01
   5.2999115e-01
   5.1977386e-01
   5.0944672e-01
   4.9900970e-01
   4.8846283e-01
   4.7780609e-01
   4.6703949e-01
   4.5616302e-01
   4.4517670e-01
   4.3408051e-01
   4.2287445e-01
   4.1155853e-01
   4.0013275e-01
   3.8859711e-01
   3.7695160e-01
   3.6519623e-01
   3.5333099e-01
   3.4135590e-01
   3.2927094e-01
   3.1707611e-01
   3.0477142e-01
   2.9235687e-01
   2.7983246e-01
   2.6719818e-01
   2.5445404e-01
   2.4160004e-01
   2.2863617e-01
   2.1556244e-01
   2.0237885e-01
   1.8908539e-01
   1.7568207e-01
   1.6216888e-01
   1.4854584e-01
   1.3481293e-01
   1.2097015e-01
   1.0701752e-01
